#relational operators

1 == 1 | 10 < 5

p <- 10

p<5 | p>8

p==5 | p>8

p>=5 &  p>8

p<=5 &  p!=8
p>=5 &  p!=8

p>=5 &&  p!=8
p<=5  &&   p!=8

p==5 | p>8
p==5 || p>8
